0000
0000
0000
0000
,
0000
0000
0000
0000
,
0000
0000
0000
0000
,
0000
0000
0000
0000
,
0000
0000
0000
0000
,
0000
0000
0000
0000
,
0000
0000
0000
0000
,
0000
0000
0000
0000
,
0000
0001
0000
0000
,
0000
0001
0000
0000
,
0000
1000
0000
0000
,
0000
1000
0000
0000
,
0000
0100
0000
0000
,
0000
0100
0000
0000
,
0000
0010
0000
0000
,
0000
0010
0000
0000
,
0200
0000
0000
0000
,
0000
0300
0000
0000
,
0000
0100
0000
0000
,
0000
1000
0000
0000
,
0000
1000
0000
0000
,
0000
0001
0000
0000
,
0000
0001
0000
0000
,
0000
0010
0000
0000
,
0000
0010
0000
0000
,
0000
0100
0000
0000
,
0000
0100
0000
0100
,
0000
1000
0000
0000
,
0000
1000
0000
1000
,
0000
0001
0000
0000
,
0000
0001
0000
0001
,
0000
0100
0000
0000
,
0000
0100
0000
0100
,
0000
0010
0000
0000
,
0000
0010
0000
0010
,
0000
1000
0000
0000
,
0000
1000
0000
1000
,
0000
0001
0000
0000
,
0000
0001
0000
0001
,
0000
0010
0000
0000
,
0000
0010
0000
0000
,
0000
0110
0000
0000
,
0000
0100
0000
0000
,
0000
1000
0000
0000
,
0000
0001
0000
0000
,
1001
0000
0000
0000
,
0000
0010
0000
0000
,
0000
1000
0000
0000
,
0000
0001
0000
0000
,
0000
0010
0000
0000
,
0000
0010
0000
0000
,
0000
0100
0000
0000
,
0000
1000
0000
0000
,
1001
0000
0000
0000
,
0000
0010
0000
0000
,
0000
0001
0000
0000
,
0000
0100
0000
0000
,
0000
0220
0000
0000
,
0000
0330
0000
0000
;